0.2575116292158217
0.07224277697085711
0.36552275155754893
0.28814899780253767
0.1728893986815226
0.43345666182514264
0.3539158823605746
0.27414206366816174
0.0
0.3612138848542855
0.09010257336468995
0.29987949075474973
0.2502563203867827
0.0834187734622609
0.27414206366816174
0.09870242384220967
0.0
0.13622228663424107
0.2703077200940699
0.0
0.4086668599027233
0.3336750938490436
0.08059019159644348
0.27414206366816174
0.0
0.31212446992069054
0.0
0.09138068788938723
0.3539158823605746
0.22070532925517686
0.15606223496034527
0.0
0.11035266462758843
0.1709576129249049
0.09870242384220967
0.24675605960552424
0.3165519885100254
0.0
0.2293637062627104
0.3198324076128553
0.29917582261858355
0.057629799560507525
0.38227284377118403
0.25643641938735734
0.0764545687542368
0.13958630643675046
0.296107271526629
0.22070532925517683
0.0
0.24177057478933042
0.3604102934587598
0.1139717419499366
0.27414206366816174
0.36552275155754893
0.24177057478933042
0.1709576129249049
0.16552899694138265
0.1411636029021137
0.0
0.09010257336468995
0.17775326177714026
0.3612138848542855
0.24177057478933042
0.18083413693751926
0.03730600961225417
0.3489657660918762
0.30221321848666305
0.3489657660918762
0.3352754631928201
0.0
0.0
0.2305191982420301
0.13515386004703495
0.27414206366816174
0.060442643697332606
0.2548485625141227
0.20808297994712702
0.07803111748017263
0.3457787973630452
0.3180702321771782
0.10216671497568082
0.28897110788342845
0.23594392157371638
0.27244457326848215
0.10922081250605256
0.39733527333971413
0.1529091375084736
0.382272843771184
0.36448285542034886
0.4086668599027233
0.3065001449270425
0.0764545687542368
0.3003419112156332
0.2498995756289581
0.3003419112156332
0.07356844308505894
0.2464353888272853
0.16383121875907886
0.20433342995136164
0.10922081250605256
0.0
0.12321769441364265
0.31212446992069054
0.24450253240593836
0.286704632828388
0.3065001449270425
0.08828213170207073
0.4633846630184055
0.48054705794501307
0.23527267150352282
0.14448555394171422
0.2820656705875521
0.3028052136053951
0.0
0.30221321848666305
0.30221321848666305
0.2703077200940699
0.30221321848666305
0.060442643697332606
0.0
0.35312852680828294
0.04414106585103537
0.35443292556154254
0.20433342995136164
0.2791726128735009
0.2613842018461755
0.11525959912101505
0.26822037055425607
0.39598298085401135
0.07356844308505894
0.2284517197234681
0.13958630643675046
0.0764545687542368
0.23469282423497406
0.1529091375084736
0.2293637062627104
0.20116527791569205
0.10216671497568082
0.36552275155754893
0.30892310867893696
0.0
0.259703257067554
0.2703077200940699
0.24177057478933042
0.06461590407607713
0.08494952083804089
0.0
0.2340933524405179
0.19740484768441935
0.060442643697332606
0.2279434838998732
0.20618263895517175
0.21733558436083408
0.6121264472290019
0.041341895984172955
0.39015558740086315
0.3454584834477339
0.3454584834477339
0.07803111748017263
0.4569034394469362
0.27414206366816174
0.2293637062627104
0.24177057478933042
0.0
0.21868971325220934
0.1480536357633145
0.1395863064367505
0.23228565471246135
0.47188784314743276
0.38769542445646277
0.1709576129249049
0.2249096180660623
0.2249096180660623
0.1802051467293799
0.0
0.4681867048810358
0.15606223496034527
0.0834187734622609
0.3419152258498098
0.06811114331712054
0.0
0.1996354817376192
0.0
0.32436926411288386
0.35312852680828294
0.06757693002351747
0.2703077200940699
0.0
0.2864250573032612
0.32938174010493193
0.19357137892705112
0.4123342997877809
0.32236076638577393
0.058985980393429095
0.2574895507977063
0.2961072715266291
0.060442643697332606
0.0
0.09138068788938723
0.5005126407735654
0.095568210942796
0.10216671497568082
0.0
0.08547880646245246
0.06811114331712054
0.1471368861701179
0.27244457326848215
0.07224277697085711
0.06371214062853067
0.5108335748784041
0.33713295919733316
0.3230795203803856
0.4767780032198438
0.09410906860140913
0.42047867570188646
0.28897110788342845
0.28897110788342845
0.10216671497568082
0.19384771222823138
0.23892052735699
0.0
0.41709386731130443
0.39015558740086315
0.0
0.0
0.33713295919733316
0.2849293548748415
0.10812308803762795
0.38769542445646277
0.055176332313794214
0.2305191982420301
0.36265586218399565
0.40295095798221736
0.2703077200940699
0.0
0.2305191982420301
0.057629799560507525
0.43345666182514264
0.38227284377118403
0.31856070314265333
0.40295095798221736
0.38227284377118403
0.07356844308505894
0.39015558740086315
0.24177057478933042
0.21204682145145212
0.382272843771184
0.0
0.5898598039342909
0.41875891931025144
0.0
0.11035266462758843
0.12923180815215426
0.0
0.1668375469245218
0.20937945965512572
0.0
0.2502563203867827
0.09010257336468995
0.2716694804510426
0.0
0.25643641938735734
0.25643641938735734
0.20937945965512572
0.25643641938735734
0.14579314216813957
0.382272843771184
0.0
0.3230795203803856
0.06811114331712054
0.32436926411288386
0.30892310867893696
0.25252112963033024
0.03730600961225417
0.4086668599027233
0.286704632828388
0.0
0.28897110788342845
0.2502563203867827
0.20937945965512572
0.07723077716973424
0.2464353888272853
0.10404148997356351
0.44232172379029616
0.12484978796827619
0.0
0.14579314216813957
0.08150084413531278
0.22945738145806482
0.3373644270990935
0.4291711461409495
0.20375211033828194
0.29917582261858355
0.09010257336468995
0.1668375469245218
0.382272843771184
0.0
0.38955488560133095
0.4068768081094183
0.400730825615899
0.0
0.457443834005349
0.4328387617792566
0.33190577502474533
0.34842848206869204
0.43345666182514264
0.3861538858486713
0.2984480768980334
0.4808769907390788
0.43564033641029243
0.3861538858486713
0.27414206366816174
0.3336750938490436
0.0
0.14448555394171422
0.30892310867893696
0.3205846604927192
0.095568210942796
0.3065001449270425
0.0
0.3065001449270425
0.29987949075474973
0.0
0.3419152258498098
0.19740484768441935
0.25643641938735734
0.0
0.31856070314265333
0.3147364357082265
0.0
0.06006838224312663
0.36265586218399565
0.36552275155754893
0.0
0.37108193754004126
0.2498995756289581
0.0
0.12321769441364265
0.16118038319288697
0.1480536357633145
0.18276137577877447
0.19740484768441935
0.20937945965512572
0.0
0.4054615801411048
0.0
0.31212446992069054
0.19740484768441935
0.48855207252862665
0.11035266462758843
0.3419152258498098
0.24027352897250653
0.29492990196714547
0.0
0.21733558436083408
0.1802051467293799
0.2849293548748415
0.24177057478933042
0.15606223496034527
0.3604102934587598
0.06121264472290019
0.27814434929538173
0.41875891931025144
0.0
0.06811114331712054
0.2162461760752559
0.23707555358910382
0.17656426340414147
0.3336750938490436
0.19384771222823138
0.2404384953695394
0.3065001449270425
0.33272580289603193
0.2942737723402358
0.24177057478933042
0.37878169444549536
0.296107271526629
0.37454936390482857
0.3164597396406587
0.3092739584327576
0.18482654162046397
0.0
0.15446155433946848
0.20433342995136164
0.09138068788938723
0.18132793109199782
0.0
0.1324231975531061
0.4273940323122622
0.095568210942796
0.27125120540627884
0.259703257067554
0.25541678743920204
0.0
0.12321769441364265
0.0
0.1802051467293799
0.191136421885592
0.16300168827062556
0.08547880646245246
0.24177057478933042
0.0
0.2252564334117249
0.18276137577877447
0.0834187734622609
0.1471368861701179
0.1471368861701179
0.1471368861701179
0.07356844308505894
0.2502563203867827
0.0
0.2340933524405179
0.2340933524405179
0.08059019159644348
0.0764545687542368
0.09138068788938723
0.06979315321837523
0.08547880646245246
0.34055571658560274
0.06797640304012689
0.43345666182514264
0.4273940323122622
0.0
0.22070532925517686
0.1996354817376192
0.27588166156897104
0.23594392157371638
0.25643641938735734
0.27244457326848215
0.36552275155754893
0.191136421885592
0.0
0.497293876578178
0.2027307900705524
0.20937945965512572
0.0
0.21672833091257132
0.2502563203867827
0.24450253240593836
0.4681867048810358
0.16300168827062556
0.31212446992069054
0.2703077200940699
0.1471368861701179
0.3065001449270425
0.3100642198812972
0.3489657660918762
0.1471368861701179
0.44324605378043913
0.43345666182514264
0.765000638899228
0.5982385673479901
0.33788465011758734
0.25846361630430853
0.06979315321837523
0.20937945965512572
0.5900332666064524
0.11035266462758843
0.0
0.26010372493390876
0.4054615801411048
0.2998794907547497
0.13622228663424107
0.3989010968247781
0.38033727263145967
0.6185479168655152
0.24027352897250653
0.20808297994712702
0.1330903211584128
0.0
0.3336750938490436
0.6389091565859834
0.41036610573479587
0.0
0.3931748655913744
0.4273940323122622
0.0
0.4935121192110485
0.0
0.26543691177043094
0.0
0.36448285542034886
0.32236076638577393
0.32236076638577393
0.36265586218399565
0.4414106585103537
0.24450253240593836
0.16118038319288697
0.4086668599027233
0.0
0.058985980393429095
0.1480536357633145
0.04652876881225016
0.19113642188559202
0.1709576129249049
0.24027352897250653
0.2279434838998732
0.34055571658560274
0.19264740525561894
0.0
0.33272580289603193
0.31212446992069054
0.0
1.0
0.44598498439971473
0.1471368861701179
0.13622228663424107
0.4935121192110485
0.0
0.6007993274457809
0.1728893986815226
0.5968961537960668
0.18821813720281827
0.15606223496034527
0.4086668599027233
0.36265586218399565
0.4034085969235527
0.2548485625141227
0.4086668599027233
0.3539158823605746
0.29492990196714547
0.3612138848542855
0.3612138848542855
0.3230795203803856
0.34055571658560274
0.18276137577877447
0.3058182750169472
0.48054705794501307
0.34003138106818326
0.13958630643675046
0.2279434838998732
0.24177057478933042
0.05433389609020852
0.20433342995136164
0.19113642188559202
0.27305203126513145
0.0
0.31856070314265333
0.19113642188559202
0.16300168827062556
0.29158628433627914
0.13411018527712804
0.2942737723402358
0.2548485625141227
0.3336750938490436
0.09010257336468995
0.296107271526629
0.25643641938735734
0.045208534234379816
0.41709386731130443
0.07224277697085711
0.14448555394171422
0.095568210942796
0.0834187734622609
0.24027352897250653
0.7960934136141188
0.0569858709749683
0.21237380209510223
0.4633846630184055
0.0
0.3931748655913744
0.3931748655913744
0.0
0.0
0.30221321848666305
0.35758350241488285
0.44598498439971473
0.3164597396406587
0.47415110717820763
0.0
0.4569034394469362
0.0
0.4086668599027233
0.2703077200940699
0.12742428125706134
0.12742428125706134
0.06979315321837523
0.27414206366816174
0.1709576129249049
0.18132793109199782
0.0
0.296107271526629
0.3198324076128553
0.25643641938735734
0.2703077200940699
0.0
0.22299249219985737
0.45891476291612965
0.3350625222610865
0.0
0.22070532925517683
0.2293637062627104
0.0569858709749683
0.0
0.0
0.1709576129249049
0.12923180815215426
0.12923180815215426
0.1139717419499366
0.2162461760752559
0.12088528739466521
0.12088528739466521
0.20618263895517175
0.12088528739466521
0.2162461760752559
0.12742428125706134
0.03136968953380304
0.3612138848542855
0.382272843771184
0.6242489398413811
0.3539158823605746
0.09010257336468995
0.4935121192110485
0.054061544018813974
0.41709386731130443
0.24485057889160075
0.18132793109199782
0.18276137577877447
0.1324231975531061
0.2661806423168256
0.24485057889160075
0.2661806423168256
0.2791726128735009
0.0
0.0
0.48176014481778584
0.3604102934587598
0.39015558740086315
0.2502563203867827
0.0
0.15606223496034527
0.37843080813169777
0.06461590407607713
0.24779068074535632
0.41616595989425403
0.5096971250282454
0.2942737723402358
0.07803111748017263
0.6268445807246512
0.5154565973879294
0.41709386731130443
0.22070532925517683
0.07356844308505894
0.09523809523809523
0.02898002949762784
0.34055571658560274
0.38769542445646277
0.21672833091257132
0.3165519885100254
0.38227284377118403
0.06461590407607713
0.3310579938827653
0.0834187734622609
0.48497812495930426
0.3121244699206905
0.3058182750169472
0.2791726128735009
0.44598498439971473
0.0
0.34055571658560274
0.3948096953688387
0.5983516452371671
0.0
0.6116365500338944
0.0
0.4935121192110485
0.0
0.38769542445646277
0.5843323284019964
0.36265586218399565
0.37108193754004126
0.06757693002351747
0.4034085969235527
0.2849293548748415
0.2716694804510426
0.2326438440612508
0.36414521490747226
0.3310579938827653
0.32436926411288386
0.10216671497568082
0.14448555394171422
0.07723077716973424
0.15446155433946848
0.15446155433946848
0.1668375469245218
0.06461590407607713
0.1668375469245218
0.28897110788342845
0.13622228663424107
0.1590351160885891
0.09410906860140913
0.3230795203803856
0.34055571658560274
0.18966044287128306
0.05154565973879294
0.23707555358910382
0.1709576129249049
0.30804423603410663
0.3457787973630452
0.286704632828388
0.31856070314265333
0.0
0.3092739584327576
0.27414206366816174
0.21844162501210512
0.24450253240593836
0.0
0.17425613456411698
0.191136421885592
0.1802051467293799
0.0
0.14448555394171422
0.25643641938735734
0.24177057478933042
0.0
0.2305191982420301
0.39015558740086315
0.31212446992069054
0.1139717419499366
0.33788465011758734
0.3612138848542855
0.42309850588132825
0.36265586218399565
0.3948096953688387
0.30221321848666305
0.2661806423168256
0.0
0.3989010968247781
0.0
0.2577282986939647
0.27414206366816174
0.30221321848666305
0.1709576129249049
0.4633846630184055
0.4761226379571823
0.0
0.058985980393429095
0.3678422154252947
0.4681867048810358
0.20433342995136164
0.0
0.35758350241488285
0.25643641938735734
0.0
0.08059019159644348
0.0764545687542368
0.36965308324092794
0.5005126407735654
0.0
0.43345666182514264
0.1769579411802873
0.0
0.18482654162046397
0.20433342995136164
0.5044693240118328
0.39015558740086315
0.1411636029021137
0.3336750938490436
0.36265586218399565
0.36265586218399565
0.36265586218399565
0.10216671497568082
0.0
0.1996354817376192
0.3861538858486713
0.2326438440612508
0.2162461760752559
0.0
0.20618263895517175
0.20618263895517175
0.19740484768441935
0.18276137577877447
0.20937945965512572
0.3121244699206905
0.09138068788938723
0.19740484768441935
0.25643641938735734
0.13958630643675046
0.2293637062627104
0.3121244699206905
0.3310579938827653
0.296107271526629
0.22070532925517686
0.3539158823605746
0.3539158823605746
0.2703077200940699
0.25643641938735734
0.21868971325220934
0.2162461760752559
0.20937945965512572
0.2703077200940699
0.19113642188559202
